Index.

Brachythecium olympicum 166. 854 Bryum 11616111 1611 458
Α 61666666 (81111111.) 657 elegans 1111116 452
populeum (H.) 656 611111666111616 861111. 436
1 reflexum (W. 6111.) 650 161161 111166 426
11161616 8. E. 655 1111161166 11161111. 465
1161661666 Noc. 640 filum 866. 470
rutabulum (L.) 653 866111 86611. 446
salebrosum (1161111.) 641 Garcvaglii Noc. 445
661161666811. 646 gemmiparum Noc. 442
81611111(8616.) 651 8611111 8611. 449
6616111666 Noc. 645 'imbricatum (861111.) 418
1661116166 (811.) 419
intermedium (W. 6111.) 428
161116166 (Sonus) 466
Klinggracffii 8611. 436
16666116 86111111. 422
1661666666 (8611.) 467
1161161661 866. 412
11666 Noc. 457
1666116166 861116. 420
1161661111 8611. 413
luridum 11611111 410
6661116166 Lon. 417
6613166166811. 437
Munatii was. 423

Τ16666118611. 645
116611]6611166(81116.) 649
1161611666 (L.) 648
11166616 8. E. 285
6616161661 (Dc Noc.) 286
8166161111 Β. E. 521.
arcuata (1116116.) 522
81661116 861111. 28
11611616661161. 29
1636611166 861111. 28 ·
BBUCHIACEAE 22
8166111666 27
8111601118 385
Bryece 388
Bryum 11111. L. 408
alpinum L. 440
archangelicum B. 11. 416
arcticum (R. 811.) 811. 409

6166116316681. 433
1111116666161611. 446
11661 8611. 417

661616 11166. 437

argenteum L. 448

. atropurpurcum W. 6111. 438

1161116686. 444
8616661 Woon. 471

bimum 86611611. 480

1111611118. 11. 447
8161116118. Ε. 411
caespiticium L. 443
calophyllum R. 81161111 424

6666116666 8616. 453
6661111116 L. 449

661666161616 866. 471

cinctum Hom 61 Η61111666. 429
66661166 8611. 444

concinnatum 81116611 468
6616166166 8611. 430
cyclophyllum (861111.) 455
1166166661 (111111. 454

domnae 8611. 413

11111661661111 Β. E. 441
6666666666111. 460
6116661666 81611. 451
6666616 86111 427
6611616811. 456
pallescens 8611661611. 433
6616116616 8611. 415
Payoti „ 470
pendulum 86611. 414
provinciale 8111616. 432

pseudotriquetrum (Η.) 459
6616666666 (R. 811.) 410
restitutum 1161. 469
roseum 8611111111. 464
8661611813. 435
81111661 8611. 470
66116166666181116. 434

161666666811. 431
111616 Nor. 453

 

