866 luder

Hypuum Heufleri Jur. 769 1111111111 8111. 389
imponens H. 754 1111111111 (1.) 399
incurvatum 8111111, 746 1111111111 1111111 562
1111111111111 1111. 767 81111111 (Druna.) 562

’ 1111111111118111. 789 111111111111 562.
1111111111111811111. 732 , 1111111111111 138.
111111117111. 784 1111111111111 Hem 139
11111111111118111. 739 arcticum 8111. 142
molle Drcne. 775 1111111111811111.) 142
molluscum H. 769 glnuueeoeue (H.) 145
montanum 17111. 780 1111111111111 ,, 141
1111111111111111 766 111111111181111111.) 144
1111111111. 794 1111111111 (Bu.) 143
norvegicum (B. Ε.) 778 1111111(81111111.) 139
1111111111 17111. 782 11111111(8111.) 140
11111111118111. 747 1111111118111. 629
palustre L. 772 11111111811111.) 629
1111111111. 789 111111Η. 594
1111111111 (Β. n.) 726 1111111111 Son. 597
11111111111111 759 nervove (811111.) 595
procerrimum 1111. 764 11111111111111. 597
111111111111111111911911.. 756 111111111111111. 594
11111111. 791 tristis 011111 596
1111111111 81111. 763 1381119818 591

. 1111111111. 748 11111111 592
revolvere 811. 736 LEUCOBRYACHAE 198
1111111111. 745 ’ Leucobryeee 108
sarmentorum 7711111. 788 111111111118111. 199
Saoterum. 759 glaucum (L.) 199
8111111111 111111. 799 Leuoodon 811111. 573
11111111111 L. 796 111111111111.) 574
8111111111 Seu. 789 111111111111 573
Summerfellii 1111. 722 1111111111 497
senatum 811111. 725 1111111111. 498
1111111111111111111. 792 1111111111 Β. H. 599
11111111118. 11.) 772 1111111111 H. 599
111111118111. 744 11116111 (Hx.) 591
1111111111 W. 1111. 793 uliginosa H. 499
turgescens Son. 794 11111111 Son. 852
1111111111 H. 739 liguletu (R. 811.) 852
11111111 Leno. 765 11111111118111. 199
11111111111111. 729 ·’ 111111 ,, 191

1111111111181111. 628 111111111111 Son. ll
11111111(Ρο11.) 629 murmurum (W. 11 ll.) ll

1111111111118111. 181 111111111111111 N. 1111 389
1111111111.) 181 1111111111111. 387
meridionalis 8111. 182 linium L. 474
wimeri „ 183 1111131111. 476

 

